chr pos RSID ref alt no.hom.0 no.het.01 no.het.10 no.het no.hom.1 no.missing total alt.af alt.ac an PT
1 24871095 rs4649032 C T 9 5 4 9 3 0 21 0.357142857142857 15 42 GTs.ParSR
1 161509955 rs1801274 A G 9 0 7 7 5 0 21 0.404761904761905 17 42 GTs.ParSR
1 173250332 rs1012507 G T 4 6 7 13 4 0 21 0.5 21 42 GTs.ParSR
1 198738388 rs113752715 T G 19 1 1 2 0 0 21 0.0476190476190476 2 42 GTs.ParSR
2 203721233 rs55730955 T A 19 0 2 2 0 0 21 0.0476190476190476 2 42 GTs.ParSR
3 56578571 rs190705792 G T 21 0 0 0 0 0 21 0 0 42 GTs.ParSR
3 124510192 rs530462 T C 4 8 2 10 7 0 21 0.571428571428571 24 42 GTs.ParSR
4 74763902 rs59882675 A G 18 2 1 3 0 0 21 0.0714285714285714 3 42 GTs.ParSR
4 75025495 rs10518133 G A 16 2 3 5 0 0 21 0.119047619047619 5 42 GTs.ParSR
6 29016846 rs115180879 C T 20 0 1 1 0 0 21 0.0238095238095238 1 42 GTs.ParSR
6 30095897 rs1264705 G C 18 3 0 3 0 0 21 0.0714285714285714 3 42 GTs.ParSR
6 30417458 rs6916716 C A 15 3 3 6 0 0 21 0.142857142857143 6 42 GTs.ParSR
6 30426851 rs9261947 C T 16 2 3 5 0 0 21 0.119047619047619 5 42 GTs.ParSR
6 31365526 rs2844580 T C 8 4 6 10 3 0 21 0.380952380952381 16 42 GTs.ParSR
6 32065839 rs1265889 G A 15 3 3 6 0 0 21 0.142857142857143 6 42 GTs.ParSR
6 32390772 rs9348883 T A 16 2 3 5 0 0 21 0.119047619047619 5 42 GTs.ParSR
6 32403058 rs2076523 T C 8 3 9 12 1 0 21 0.333333333333333 14 42 GTs.ParSR
6 47778410 rs62397901 T G 17 2 2 4 0 0 21 0.0952380952380952 4 42 GTs.ParSR
6 92777658 rs2674382 A T 18 0 3 3 0 0 21 0.0714285714285714 3 42 GTs.ParSR
6 109297161 rs76615866 G C 21 0 0 0 0 0 21 0 0 42 GTs.ParSR
6 116447754 rs2858829 A G 9 5 7 12 0 0 21 0.285714285714286 12 42 GTs.ParSR
6 116466215 rs2637678 T C 9 5 7 12 0 0 21 0.285714285714286 12 42 GTs.ParSR
7 37362887 rs111796602 T C 17 2 2 4 0 0 21 0.0952380952380952 4 42 GTs.ParSR
9 114804733 rs4979462 C T 18 2 1 3 0 0 21 0.0714285714285714 3 42 GTs.ParSR
9 114806766 rs7848647 T C 2 10 5 15 4 0 21 0.547619047619048 23 42 GTs.ParSR
9 114817177 rs10817678 G A 2 10 5 15 4 0 21 0.547619047619048 23 42 GTs.ParSR
10 31101198 rs1891621 A G 6 6 7 13 2 0 21 0.404761904761905 17 42 GTs.ParSR
10 97412169 rs6584128 T G 5 5 5 10 6 0 21 0.523809523809524 22 42 GTs.ParSR
11 32389228 rs1799937 A G 9 3 5 8 4 0 21 0.380952380952381 16 42 GTs.ParSR
11 32436129 rs2301254 A G 6 4 6 10 5 0 21 0.476190476190476 20 42 GTs.ParSR
11 32438918 rs6508 G A 18 3 0 3 0 0 21 0.0714285714285714 3 42 GTs.ParSR
12 8938296 rs1805732 C T 6 4 6 10 5 0 21 0.476190476190476 20 42 GTs.ParSR
13 91551559 rs16946160 G A 17 0 4 4 0 0 21 0.0952380952380952 4 42 GTs.ParSR
16 10998462 rs8062322 C A 8 4 7 11 2 0 21 0.357142857142857 15 42 GTs.ParSR
17 39917715 rs9303279 G C 3 5 5 10 8 0 21 0.619047619047619 26 42 GTs.ParSR
19 36885928 rs34217742 T A 17 2 2 4 0 0 21 0.0952380952380952 4 42 GTs.ParSR
20 48150492 rs11086243 C T 8 6 3 9 4 0 21 0.404761904761905 17 42 GTs.ParSR
22 23894205 rs755622 G C 13 3 3 6 2 0 21 0.238095238095238 10 42 GTs.ParSR
22 36265860 rs73885319 A G 21 0 0 0 0 0 21 0 0 42 GTs.ParSR
22 36265988 rs60910145 T G 21 0 0 0 0 0 21 0 0 42 GTs.ParSR
