chr pos RSID ref alt no.hom.0 no.het.01 no.het.10 no.het no.hom.1 no.missing total alt.af alt.ac an PT
1 24871095 rs4649032 C T 8 3 1 4 1 0 13 0.230769230769231 6 26 GTs.SRgene
1 161509955 rs1801274 A G 1 2 3 5 7 0 13 0.730769230769231 19 26 GTs.SRgene
1 173250332 rs1012507 G T 6 4 2 6 1 0 13 0.307692307692308 8 26 GTs.SRgene
1 198738388 rs113752715 T G 10 3 0 3 0 0 13 0.115384615384615 3 26 GTs.SRgene
2 203721233 rs55730955 T A 12 1 0 1 0 0 13 0.0384615384615385 1 26 GTs.SRgene
3 56578571 rs190705792 G T 13 0 0 0 0 0 13 0 0 26 GTs.SRgene
3 124510192 rs530462 T C 2 1 2 3 8 0 13 0.730769230769231 19 26 GTs.SRgene
4 74763902 rs59882675 A G 9 1 3 4 0 0 13 0.153846153846154 4 26 GTs.SRgene
4 75025495 rs10518133 G A 12 0 1 1 0 0 13 0.0384615384615385 1 26 GTs.SRgene
6 29016846 rs115180879 C T 13 0 0 0 0 0 13 0 0 26 GTs.SRgene
6 30095897 rs1264705 G C 11 2 0 2 0 0 13 0.0769230769230769 2 26 GTs.SRgene
6 30417458 rs6916716 C A 8 1 2 3 2 0 13 0.269230769230769 7 26 GTs.SRgene
6 30426851 rs9261947 C T 9 1 2 3 1 0 13 0.192307692307692 5 26 GTs.SRgene
6 31365526 rs2844580 T C 6 5 0 5 2 0 13 0.346153846153846 9 26 GTs.SRgene
6 32065839 rs1265889 G A 7 4 2 6 0 0 13 0.230769230769231 6 26 GTs.SRgene
6 32390772 rs9348883 T A 13 0 0 0 0 0 13 0 0 26 GTs.SRgene
6 32403058 rs2076523 T C 5 4 2 6 2 0 13 0.384615384615385 10 26 GTs.SRgene
6 47778410 rs62397901 T G 10 2 1 3 0 0 13 0.115384615384615 3 26 GTs.SRgene
6 92777658 rs2674382 A T 11 2 0 2 0 0 13 0.0769230769230769 2 26 GTs.SRgene
6 109297161 rs76615866 G C 13 0 0 0 0 0 13 0 0 26 GTs.SRgene
6 116447754 rs2858829 A G 6 4 0 4 3 0 13 0.384615384615385 10 26 GTs.SRgene
6 116466215 rs2637678 T C 6 4 0 4 3 0 13 0.384615384615385 10 26 GTs.SRgene
7 37362887 rs111796602 T C 12 0 1 1 0 0 13 0.0384615384615385 1 26 GTs.SRgene
9 114804733 rs4979462 C T 12 1 0 1 0 0 13 0.0384615384615385 1 26 GTs.SRgene
9 114806766 rs7848647 T C 0 3 5 8 5 0 13 0.692307692307692 18 26 GTs.SRgene
9 114817177 rs10817678 G A 0 3 5 8 5 0 13 0.692307692307692 18 26 GTs.SRgene
10 31101198 rs1891621 A G 5 3 2 5 3 0 13 0.423076923076923 11 26 GTs.SRgene
10 97412169 rs6584128 T G 4 3 4 7 2 0 13 0.423076923076923 11 26 GTs.SRgene
11 32389228 rs1799937 A G 5 3 3 6 2 0 13 0.384615384615385 10 26 GTs.SRgene
11 32436129 rs2301254 A G 5 3 2 5 3 0 13 0.423076923076923 11 26 GTs.SRgene
11 32438918 rs6508 G A 12 0 1 1 0 0 13 0.0384615384615385 1 26 GTs.SRgene
12 8938296 rs1805732 C T 4 5 1 6 3 0 13 0.461538461538462 12 26 GTs.SRgene
13 91551559 rs16946160 G A 12 0 1 1 0 0 13 0.0384615384615385 1 26 GTs.SRgene
16 10998462 rs8062322 C A 8 2 3 5 0 0 13 0.192307692307692 5 26 GTs.SRgene
17 39917715 rs9303279 G C 1 7 4 11 1 0 13 0.5 13 26 GTs.SRgene
19 36885928 rs34217742 T A 13 0 0 0 0 0 13 0 0 26 GTs.SRgene
20 48150492 rs11086243 C T 4 4 2 6 3 0 13 0.461538461538462 12 26 GTs.SRgene
22 23894205 rs755622 G C 8 3 1 4 1 0 13 0.230769230769231 6 26 GTs.SRgene
22 36265860 rs73885319 A G 13 0 0 0 0 0 13 0 0 26 GTs.SRgene
22 36265988 rs60910145 T G 13 0 0 0 0 0 13 0 0 26 GTs.SRgene
