chr pos RSID ref alt no.hom.0 no.het.01 no.het.10 no.het no.hom.1 no.missing total alt.af alt.ac an PT
1 24871095 rs4649032 C T 2 3 3 6 2 0 10 0.5 10 20 GTs.SRnogn
1 161509955 rs1801274 A G 1 3 2 5 4 0 10 0.65 13 20 GTs.SRnogn
1 173250332 rs1012507 G T 0 2 4 6 4 0 10 0.7 14 20 GTs.SRnogn
1 198738388 rs113752715 T G 9 1 0 1 0 0 10 0.05 1 20 GTs.SRnogn
2 203721233 rs55730955 T A 10 0 0 0 0 0 10 0 0 20 GTs.SRnogn
3 56578571 rs190705792 G T 10 0 0 0 0 0 10 0 0 20 GTs.SRnogn
3 124510192 rs530462 T C 0 2 3 5 5 0 10 0.75 15 20 GTs.SRnogn
4 74763902 rs59882675 A G 9 1 0 1 0 0 10 0.05 1 20 GTs.SRnogn
4 75025495 rs10518133 G A 8 0 2 2 0 0 10 0.1 2 20 GTs.SRnogn
6 29016846 rs115180879 C T 8 0 0 0 2 0 10 0.2 4 20 GTs.SRnogn
6 30095897 rs1264705 G C 4 1 5 6 0 0 10 0.3 6 20 GTs.SRnogn
6 30417458 rs6916716 C A 7 1 2 3 0 0 10 0.15 3 20 GTs.SRnogn
6 30426851 rs9261947 C T 9 0 1 1 0 0 10 0.05 1 20 GTs.SRnogn
6 31365526 rs2844580 T C 2 1 2 3 5 0 10 0.65 13 20 GTs.SRnogn
6 32065839 rs1265889 G A 6 1 2 3 1 0 10 0.25 5 20 GTs.SRnogn
6 32390772 rs9348883 T A 8 2 0 2 0 0 10 0.1 2 20 GTs.SRnogn
6 32403058 rs2076523 T C 5 1 1 2 3 0 10 0.4 8 20 GTs.SRnogn
6 47778410 rs62397901 T G 10 0 0 0 0 0 10 0 0 20 GTs.SRnogn
6 92777658 rs2674382 A T 7 2 1 3 0 0 10 0.15 3 20 GTs.SRnogn
6 109297161 rs76615866 G C 10 0 0 0 0 0 10 0 0 20 GTs.SRnogn
6 116447754 rs2858829 A G 4 0 4 4 2 0 10 0.4 8 20 GTs.SRnogn
6 116466215 rs2637678 T C 4 0 4 4 2 0 10 0.4 8 20 GTs.SRnogn
7 37362887 rs111796602 T C 8 2 0 2 0 0 10 0.1 2 20 GTs.SRnogn
9 114804733 rs4979462 C T 10 0 0 0 0 0 10 0 0 20 GTs.SRnogn
9 114806766 rs7848647 T C 0 3 3 6 4 0 10 0.7 14 20 GTs.SRnogn
9 114817177 rs10817678 G A 0 3 3 6 4 0 10 0.7 14 20 GTs.SRnogn
10 31101198 rs1891621 A G 3 3 2 5 2 0 10 0.45 9 20 GTs.SRnogn
10 97412169 rs6584128 T G 3 5 0 5 2 0 10 0.45 9 20 GTs.SRnogn
11 32389228 rs1799937 A G 8 1 1 2 0 0 10 0.1 2 20 GTs.SRnogn
11 32436129 rs2301254 A G 7 1 2 3 0 0 10 0.15 3 20 GTs.SRnogn
11 32438918 rs6508 G A 9 1 0 1 0 0 10 0.05 1 20 GTs.SRnogn
12 8938296 rs1805732 C T 3 1 3 4 3 0 10 0.5 10 20 GTs.SRnogn
13 91551559 rs16946160 G A 10 0 0 0 0 0 10 0 0 20 GTs.SRnogn
16 10998462 rs8062322 C A 5 2 2 4 1 0 10 0.3 6 20 GTs.SRnogn
17 39917715 rs9303279 G C 0 2 1 3 7 0 10 0.85 17 20 GTs.SRnogn
19 36885928 rs34217742 T A 5 3 2 5 0 0 10 0.25 5 20 GTs.SRnogn
20 48150492 rs11086243 C T 4 2 1 3 3 0 10 0.45 9 20 GTs.SRnogn
22 23894205 rs755622 G C 8 1 1 2 0 0 10 0.1 2 20 GTs.SRnogn
22 36265860 rs73885319 A G 10 0 0 0 0 0 10 0 0 20 GTs.SRnogn
22 36265988 rs60910145 T G 10 0 0 0 0 0 10 0 0 20 GTs.SRnogn
