chr pos RSID ref alt no.hom.0 no.het.01 no.het.10 no.het no.hom.1 no.missing total alt.af alt.ac an PT
1 24871095 rs4649032 C T 72 54 53 107 62 0 241 0.479253112033195 231 482 GTs.SSNS
1 161509955 rs1801274 A G 61 59 67 126 54 0 241 0.485477178423237 234 482 GTs.SSNS
1 173250332 rs1012507 G T 106 54 51 105 30 0 241 0.342323651452282 165 482 GTs.SSNS
1 198738388 rs113752715 T G 211 15 14 29 1 0 241 0.0643153526970954 31 482 GTs.SSNS
2 203721233 rs55730955 T A 212 13 14 27 2 0 241 0.0643153526970954 31 482 GTs.SSNS
3 56578571 rs190705792 G T 229 7 5 12 0 0 241 0.024896265560166 12 482 GTs.SSNS
3 124510192 rs530462 T C 13 39 42 81 147 0 241 0.778008298755187 375 482 GTs.SSNS
4 74763902 rs59882675 A G 148 40 34 74 19 0 241 0.232365145228216 112 482 GTs.SSNS
4 75025495 rs10518133 G A 212 13 12 25 4 0 241 0.0684647302904564 33 482 GTs.SSNS
6 29016846 rs115180879 C T 216 14 10 24 1 0 241 0.053941908713693 26 482 GTs.SSNS
6 30095897 rs1264705 G C 171 25 42 67 3 0 241 0.151452282157676 73 482 GTs.SSNS
6 30417458 rs6916716 C A 164 35 35 70 7 0 241 0.174273858921162 84 482 GTs.SSNS
6 30426851 rs9261947 C T 174 33 31 64 3 0 241 0.145228215767635 70 482 GTs.SSNS
6 31365526 rs2844580 T C 70 42 82 124 47 0 241 0.452282157676349 218 482 GTs.SSNS
6 32065839 rs1265889 G A 143 33 59 92 6 0 241 0.215767634854772 104 482 GTs.SSNS
6 32390772 rs9348883 T A 220 12 8 20 1 0 241 0.045643153526971 22 482 GTs.SSNS
6 32403058 rs2076523 T C 62 68 63 131 48 0 241 0.470954356846473 227 482 GTs.SSNS
6 47778410 rs62397901 T G 212 18 11 29 0 0 241 0.0601659751037344 29 482 GTs.SSNS
6 92777658 rs2674382 A T 218 13 10 23 0 0 241 0.0477178423236514 23 482 GTs.SSNS
6 109297161 rs76615866 G C 224 7 9 16 1 0 241 0.037344398340249 18 482 GTs.SSNS
6 116447754 rs2858829 A G 98 54 60 114 29 0 241 0.356846473029046 172 482 GTs.SSNS
6 116466215 rs2637678 T C 93 57 62 119 29 0 241 0.367219917012448 177 482 GTs.SSNS
7 37362887 rs111796602 T C 190 23 25 48 3 0 241 0.112033195020747 54 482 GTs.SSNS
9 114804733 rs4979462 C T 222 6 10 16 3 0 241 0.045643153526971 22 482 GTs.SSNS
9 114806766 rs7848647 T C 18 41 55 96 127 0 241 0.726141078838174 350 482 GTs.SSNS
9 114817177 rs10817678 G A 19 44 55 99 123 0 241 0.715767634854772 345 482 GTs.SSNS
10 31101198 rs1891621 A G 56 68 55 123 62 0 241 0.512448132780083 247 482 GTs.SSNS
10 97412169 rs6584128 T G 94 59 61 120 27 0 241 0.360995850622407 174 482 GTs.SSNS
11 32389228 rs1799937 A G 118 46 41 87 36 0 241 0.329875518672199 159 482 GTs.SSNS
11 32436129 rs2301254 A G 79 55 53 108 54 0 241 0.448132780082988 216 482 GTs.SSNS
11 32438918 rs6508 G A 200 20 16 36 5 0 241 0.0954356846473029 46 482 GTs.SSNS
12 8938296 rs1805732 C T 99 57 48 105 37 0 241 0.371369294605809 179 482 GTs.SSNS
13 91551559 rs16946160 G A 206 22 10 32 3 0 241 0.0788381742738589 38 482 GTs.SSNS
16 10998462 rs8062322 C A 121 56 39 95 25 0 241 0.300829875518672 145 482 GTs.SSNS
17 39917715 rs9303279 G C 50 57 54 111 80 0 241 0.562240663900415 271 482 GTs.SSNS
19 36885928 rs34217742 T A 197 24 17 41 3 0 241 0.0975103734439834 47 482 GTs.SSNS
20 48150492 rs11086243 C T 71 59 59 118 52 0 241 0.46058091286307 222 482 GTs.SSNS
22 23894205 rs755622 G C 169 31 32 63 9 0 241 0.16804979253112 81 482 GTs.SSNS
22 36265860 rs73885319 A G 226 7 5 12 3 0 241 0.037344398340249 18 482 GTs.SSNS
22 36265988 rs60910145 T G 226 7 5 12 3 0 241 0.037344398340249 18 482 GTs.SSNS
