chr pos RSID ref alt no.hom.0 no.het.01 no.het.10 no.het no.hom.1 no.missing total alt.af alt.ac an PT
1 24871095 rs4649032 C T 1 7 2 9 5 0 15 0.633333333333333 19 30 GTs.SSNS
1 161509955 rs1801274 A G 6 4 5 9 0 0 15 0.3 9 30 GTs.SSNS
1 173250332 rs1012507 G T 7 3 3 6 2 0 15 0.333333333333333 10 30 GTs.SSNS
1 198738388 rs113752715 T G 14 0 1 1 0 0 15 0.0333333333333333 1 30 GTs.SSNS
2 203721233 rs55730955 T A 12 1 2 3 0 0 15 0.1 3 30 GTs.SSNS
3 56578571 rs190705792 G T 13 0 2 2 0 0 15 0.0666666666666667 2 30 GTs.SSNS
3 124510192 rs530462 T C 2 4 2 6 7 0 15 0.666666666666667 20 30 GTs.SSNS
4 74763902 rs59882675 A G 7 3 2 5 3 0 15 0.366666666666667 11 30 GTs.SSNS
4 75025495 rs10518133 G A 12 2 1 3 0 0 15 0.1 3 30 GTs.SSNS
6 29016846 rs115180879 C T 14 1 0 1 0 0 15 0.0333333333333333 1 30 GTs.SSNS
6 30095897 rs1264705 G C 13 1 1 2 0 0 15 0.0666666666666667 2 30 GTs.SSNS
6 30417458 rs6916716 C A 8 5 2 7 0 0 15 0.233333333333333 7 30 GTs.SSNS
6 30426851 rs9261947 C T 8 5 2 7 0 0 15 0.233333333333333 7 30 GTs.SSNS
6 31365526 rs2844580 T C 7 3 4 7 1 0 15 0.3 9 30 GTs.SSNS
6 32065839 rs1265889 G A 12 2 1 3 0 0 15 0.1 3 30 GTs.SSNS
6 32390772 rs9348883 T A 14 0 1 1 0 0 15 0.0333333333333333 1 30 GTs.SSNS
6 32403058 rs2076523 T C 2 6 5 11 2 0 15 0.5 15 30 GTs.SSNS
6 47778410 rs62397901 T G 15 0 0 0 0 0 15 0 0 30 GTs.SSNS
6 92777658 rs2674382 A T 13 1 1 2 0 0 15 0.0666666666666667 2 30 GTs.SSNS
6 109297161 rs76615866 G C 15 0 0 0 0 0 15 0 0 30 GTs.SSNS
6 116447754 rs2858829 A G 7 1 6 7 1 0 15 0.3 9 30 GTs.SSNS
6 116466215 rs2637678 T C 5 2 7 9 1 0 15 0.366666666666667 11 30 GTs.SSNS
7 37362887 rs111796602 T C 13 1 1 2 0 0 15 0.0666666666666667 2 30 GTs.SSNS
9 114804733 rs4979462 C T 13 2 0 2 0 0 15 0.0666666666666667 2 30 GTs.SSNS
9 114806766 rs7848647 T C 0 3 5 8 7 0 15 0.733333333333333 22 30 GTs.SSNS
9 114817177 rs10817678 G A 0 3 5 8 7 0 15 0.733333333333333 22 30 GTs.SSNS
10 31101198 rs1891621 A G 0 6 3 9 6 0 15 0.7 21 30 GTs.SSNS
10 97412169 rs6584128 T G 7 3 4 7 1 0 15 0.3 9 30 GTs.SSNS
11 32389228 rs1799937 A G 4 3 6 9 2 0 15 0.433333333333333 13 30 GTs.SSNS
11 32436129 rs2301254 A G 4 3 2 5 6 0 15 0.566666666666667 17 30 GTs.SSNS
11 32438918 rs6508 G A 10 3 2 5 0 0 15 0.166666666666667 5 30 GTs.SSNS
12 8938296 rs1805732 C T 6 1 6 7 2 0 15 0.366666666666667 11 30 GTs.SSNS
13 91551559 rs16946160 G A 13 1 0 1 1 0 15 0.1 3 30 GTs.SSNS
16 10998462 rs8062322 C A 9 2 3 5 1 0 15 0.233333333333333 7 30 GTs.SSNS
17 39917715 rs9303279 G C 1 5 3 8 6 0 15 0.666666666666667 20 30 GTs.SSNS
19 36885928 rs34217742 T A 12 3 0 3 0 0 15 0.1 3 30 GTs.SSNS
20 48150492 rs11086243 C T 4 2 5 7 4 0 15 0.5 15 30 GTs.SSNS
22 23894205 rs755622 G C 6 3 4 7 2 0 15 0.366666666666667 11 30 GTs.SSNS
22 36265860 rs73885319 A G 14 0 1 1 0 0 15 0.0333333333333333 1 30 GTs.SSNS
22 36265988 rs60910145 T G 14 0 1 1 0 0 15 0.0333333333333333 1 30 GTs.SSNS
