"chr" "pos" "RSID" "ref" "alt" "no.hom.0" "no.het.01" "no.het.10" "no.het" "no.hom.1" "no.missing" "total" "alt.af" "alt.ac" "an"
1 24871095 "rs4649032" "C" "T" 219 194 186 380 184 0 783 0.47765006385696 748 1566
1 161509955 "rs1801274" "A" "G" 181 167 204 371 231 0 783 0.531928480204342 833 1566
1 173250332 "rs1012507" "G" "T" 330 160 172 332 121 0 783 0.366538952745849 574 1566
1 198738388 "rs113752715" "T" "G" 658 64 56 120 5 0 783 0.0830140485312899 130 1566
2 203721233 "rs55730955" "T" "A" 688 50 38 88 7 0 783 0.0651340996168582 102 1566
3 56578571 "rs190705792" "G" "T" 745 21 17 38 0 0 783 0.0242656449553001 38 1566
3 124510192 "rs530462" "T" "C" 41 127 143 270 472 0 783 0.77522349936143 1214 1566
4 74763902 "rs59882675" "A" "G" 522 118 106 224 37 0 783 0.19029374201788 298 1566
4 75025495 "rs10518133" "G" "A" 665 53 59 112 6 0 783 0.0791826309067688 124 1566
6 29016846 "rs115180879" "C" "T" 705 37 38 75 3 0 783 0.0517241379310345 81 1566
6 30095897 "rs1264705" "G" "C" 574 90 101 191 18 0 783 0.144955300127714 227 1566
6 30417458 "rs6916716" "C" "A" 540 114 112 226 17 0 783 0.16602809706258 260 1566
6 30426851 "rs9261947" "C" "T" 567 101 102 203 13 0 783 0.146232439335888 229 1566
6 31365526 "rs2844580" "T" "C" 238 190 181 371 174 0 783 0.459131545338442 719 1566
6 32065839 "rs1265889" "G" "A" 515 111 115 226 42 0 783 0.197956577266922 310 1566
6 32390772 "rs9348883" "T" "A" 707 34 37 71 5 0 783 0.0517241379310345 81 1566
6 32403058 "rs2076523" "T" "C" 269 180 182 362 152 0 783 0.425287356321839 666 1566
6 47778410 "rs62397901" "T" "G" 688 35 59 94 1 0 783 0.0613026819923372 96 1566
6 92777658 "rs2674382" "A" "T" 697 43 39 82 4 0 783 0.0574712643678161 90 1566
6 109297161 "rs76615866" "G" "C" 750 15 14 29 4 0 783 0.0236270753512133 37 1566
6 116447754 "rs2858829" "A" "G" 342 185 182 367 74 0 783 0.328863346104725 515 1566
6 116466215 "rs2637678" "T" "C" 333 192 186 378 72 0 783 0.333333333333333 522 1566
7 37362887 "rs111796602" "T" "C" 614 76 72 148 21 0 783 0.121328224776501 190 1566
9 114804733 "rs4979462" "C" "T" 739 22 19 41 3 0 783 0.0300127713920817 47 1566
9 114806766 "rs7848647" "T" "C" 68 158 167 325 390 0 783 0.705619412515964 1105 1566
9 114817177 "rs10817678" "G" "A" 68 157 168 325 390 0 783 0.705619412515964 1105 1566
10 31101198 "rs1891621" "A" "G" 195 197 170 367 221 0 783 0.516602809706258 809 1566
10 97412169 "rs6584128" "T" "G" 272 193 197 390 121 0 783 0.403575989782886 632 1566
11 32389228 "rs1799937" "A" "G" 421 140 146 286 76 0 783 0.279693486590038 438 1566
11 32436129 "rs2301254" "A" "G" 273 172 178 350 160 0 783 0.427841634738186 670 1566
11 32438918 "rs6508" "G" "A" 644 62 65 127 12 0 783 0.0964240102171137 151 1566
12 8938296 "rs1805732" "C" "T" 262 173 211 384 137 0 783 0.420178799489144 658 1566
13 91551559 "rs16946160" "G" "A" 656 65 59 124 3 0 783 0.0830140485312899 130 1566
16 10998462 "rs8062322" "C" "A" 409 148 152 300 74 0 783 0.286079182630907 448 1566
17 39917715 "rs9303279" "G" "C" 164 188 185 373 246 0 783 0.552362707535121 865 1566
19 36885928 "rs34217742" "T" "A" 628 54 86 140 15 0 783 0.108556832694764 170 1566
20 48150492 "rs11086243" "C" "T" 261 185 165 350 172 0 783 0.443167305236271 694 1566
22 23894205 "rs755622" "G" "C" 550 114 90 204 29 0 783 0.167305236270753 262 1566
22 36265860 "rs73885319" "A" "G" 761 9 7 16 6 0 783 0.0178799489144317 28 1566
22 36265988 "rs60910145" "T" "G" 761 9 7 16 6 0 783 0.0178799489144317 28 1566
