chr pos RSID ref alt no.hom.0 no.het.01 no.het.10 no.het no.hom.1 no.missing total alt.af alt.ac an PT
1 24871095 rs4649032 C T 3 2 5 7 1 0 11 0.409090909090909 9 22 SecSR
1 161509955 rs1801274 A G 4 2 2 4 3 0 11 0.454545454545455 10 22 SecSR
1 173250332 rs1012507 G T 3 4 3 7 1 0 11 0.409090909090909 9 22 SecSR
1 198738388 rs113752715 T G 11 0 0 0 0 0 11 0 0 22 SecSR
2 203721233 rs55730955 T A 10 0 1 1 0 0 11 0.0454545454545455 1 22 SecSR
3 56578571 rs190705792 G T 9 1 1 2 0 0 11 0.0909090909090909 2 22 SecSR
3 124510192 rs530462 T C 1 3 3 6 4 0 11 0.636363636363636 14 22 SecSR
4 74763902 rs59882675 A G 7 0 3 3 1 0 11 0.227272727272727 5 22 SecSR
4 75025495 rs10518133 G A 7 3 1 4 0 0 11 0.181818181818182 4 22 SecSR
6 29016846 rs115180879 C T 11 0 0 0 0 0 11 0 0 22 SecSR
6 30095897 rs1264705 G C 11 0 0 0 0 0 11 0 0 22 SecSR
6 30417458 rs6916716 C A 7 2 1 3 1 0 11 0.227272727272727 5 22 SecSR
6 30426851 rs9261947 C T 7 2 1 3 1 0 11 0.227272727272727 5 22 SecSR
6 31365526 rs2844580 T C 6 1 4 5 0 0 11 0.227272727272727 5 22 SecSR
6 32065839 rs1265889 G A 10 0 0 0 1 0 11 0.0909090909090909 2 22 SecSR
6 32390772 rs9348883 T A 8 1 2 3 0 0 11 0.136363636363636 3 22 SecSR
6 32403058 rs2076523 T C 5 4 2 6 0 0 11 0.272727272727273 6 22 SecSR
6 47778410 rs62397901 T G 11 0 0 0 0 0 11 0 0 22 SecSR
6 92777658 rs2674382 A T 11 0 0 0 0 0 11 0 0 22 SecSR
6 109297161 rs76615866 G C 11 0 0 0 0 0 11 0 0 22 SecSR
6 116447754 rs2858829 A G 7 0 3 3 1 0 11 0.227272727272727 5 22 SecSR
6 116466215 rs2637678 T C 7 0 3 3 1 0 11 0.227272727272727 5 22 SecSR
7 37362887 rs111796602 T C 10 0 1 1 0 0 11 0.0454545454545455 1 22 SecSR
9 114804733 rs4979462 C T 9 2 0 2 0 0 11 0.0909090909090909 2 22 SecSR
9 114806766 rs7848647 T C 1 4 1 5 5 0 11 0.681818181818182 15 22 SecSR
9 114817177 rs10817678 G A 1 4 1 5 5 0 11 0.681818181818182 15 22 SecSR
10 31101198 rs1891621 A G 2 4 3 7 2 0 11 0.5 11 22 SecSR
10 97412169 rs6584128 T G 6 1 3 4 1 0 11 0.272727272727273 6 22 SecSR
11 32389228 rs1799937 A G 5 1 4 5 1 0 11 0.318181818181818 7 22 SecSR
11 32436129 rs2301254 A G 1 3 4 7 3 0 11 0.590909090909091 13 22 SecSR
11 32438918 rs6508 G A 8 1 2 3 0 0 11 0.136363636363636 3 22 SecSR
12 8938296 rs1805732 C T 8 0 2 2 1 0 11 0.181818181818182 4 22 SecSR
13 91551559 rs16946160 G A 9 0 0 0 2 0 11 0.181818181818182 4 22 SecSR
16 10998462 rs8062322 C A 5 1 4 5 1 0 11 0.318181818181818 7 22 SecSR
17 39917715 rs9303279 G C 1 6 1 7 3 0 11 0.590909090909091 13 22 SecSR
19 36885928 rs34217742 T A 11 0 0 0 0 0 11 0 0 22 SecSR
20 48150492 rs11086243 C T 4 3 2 5 2 0 11 0.409090909090909 9 22 SecSR
22 23894205 rs755622 G C 6 2 3 5 0 0 11 0.227272727272727 5 22 SecSR
22 36265860 rs73885319 A G 9 0 2 2 0 0 11 0.0909090909090909 2 22 SecSR
22 36265988 rs60910145 T G 9 0 2 2 0 0 11 0.0909090909090909 2 22 SecSR
