chr pos RSID ref alt no.hom.0 no.het.01 no.het.10 no.het no.hom.1 no.missing total alt.af alt.ac an PT
1 24871095 rs4649032 C T 73 53 53 106 60 0 239 0.472803347280335 226 478 GTs.SSNS
1 161509955 rs1801274 A G 61 59 64 123 55 0 239 0.48744769874477 233 478 GTs.SSNS
1 173250332 rs1012507 G T 106 54 49 103 30 0 239 0.341004184100418 163 478 GTs.SSNS
1 198738388 rs113752715 T G 209 16 13 29 1 0 239 0.0648535564853557 31 478 GTs.SSNS
2 203721233 rs55730955 T A 210 13 14 27 2 0 239 0.0648535564853557 31 478 GTs.SSNS
3 56578571 rs190705792 G T 228 6 5 11 0 0 239 0.0230125523012552 11 478 GTs.SSNS
3 124510192 rs530462 T C 13 39 41 80 146 0 239 0.778242677824268 372 478 GTs.SSNS
4 74763902 rs59882675 A G 148 38 34 72 19 0 239 0.230125523012552 110 478 GTs.SSNS
4 75025495 rs10518133 G A 210 13 12 25 4 0 239 0.0690376569037657 33 478 GTs.SSNS
6 29016846 rs115180879 C T 214 14 10 24 1 0 239 0.0543933054393305 26 478 GTs.SSNS
6 30095897 rs1264705 G C 170 25 41 66 3 0 239 0.150627615062762 72 478 GTs.SSNS
6 30417458 rs6916716 C A 162 35 35 70 7 0 239 0.175732217573222 84 478 GTs.SSNS
6 30426851 rs9261947 C T 172 33 31 64 3 0 239 0.146443514644351 70 478 GTs.SSNS
6 31365526 rs2844580 T C 69 42 82 124 46 0 239 0.451882845188285 216 478 GTs.SSNS
6 32065839 rs1265889 G A 142 33 58 91 6 0 239 0.215481171548117 103 478 GTs.SSNS
6 32390772 rs9348883 T A 217 13 8 21 1 0 239 0.0481171548117155 23 478 GTs.SSNS
6 32403058 rs2076523 T C 63 66 62 128 48 0 239 0.468619246861925 224 478 GTs.SSNS
6 47778410 rs62397901 T G 211 17 11 28 0 0 239 0.0585774058577406 28 478 GTs.SSNS
6 92777658 rs2674382 A T 217 13 9 22 0 0 239 0.0460251046025105 22 478 GTs.SSNS
6 109297161 rs76615866 G C 222 7 9 16 1 0 239 0.0376569037656904 18 478 GTs.SSNS
6 116447754 rs2858829 A G 97 54 59 113 29 0 239 0.357740585774059 171 478 GTs.SSNS
6 116466215 rs2637678 T C 92 57 61 118 29 0 239 0.368200836820084 176 478 GTs.SSNS
7 37362887 rs111796602 T C 190 23 23 46 3 0 239 0.108786610878661 52 478 GTs.SSNS
9 114804733 rs4979462 C T 220 6 10 16 3 0 239 0.0460251046025105 22 478 GTs.SSNS
9 114806766 rs7848647 T C 18 42 53 95 126 0 239 0.725941422594142 347 478 GTs.SSNS
9 114817177 rs10817678 G A 19 45 53 98 122 0 239 0.715481171548117 342 478 GTs.SSNS
10 31101198 rs1891621 A G 57 65 55 120 62 0 239 0.510460251046025 244 478 GTs.SSNS
10 97412169 rs6584128 T G 92 59 60 119 28 0 239 0.366108786610879 175 478 GTs.SSNS
11 32389228 rs1799937 A G 119 45 40 85 35 0 239 0.324267782426778 155 478 GTs.SSNS
11 32436129 rs2301254 A G 80 53 54 107 52 0 239 0.441422594142259 211 478 GTs.SSNS
11 32438918 rs6508 G A 199 19 16 35 5 0 239 0.0941422594142259 45 478 GTs.SSNS
12 8938296 rs1805732 C T 97 57 47 104 38 0 239 0.376569037656904 180 478 GTs.SSNS
13 91551559 rs16946160 G A 204 22 10 32 3 0 239 0.0794979079497908 38 478 GTs.SSNS
16 10998462 rs8062322 C A 118 57 39 96 25 0 239 0.305439330543933 146 478 GTs.SSNS
17 39917715 rs9303279 G C 49 55 54 109 81 0 239 0.566945606694561 271 478 GTs.SSNS
19 36885928 rs34217742 T A 195 24 17 41 3 0 239 0.098326359832636 47 478 GTs.SSNS
20 48150492 rs11086243 C T 71 58 61 119 49 0 239 0.45397489539749 217 478 GTs.SSNS
22 23894205 rs755622 G C 165 33 32 65 9 0 239 0.173640167364017 83 478 GTs.SSNS
22 36265860 rs73885319 A G 224 7 5 12 3 0 239 0.0376569037656904 18 478 GTs.SSNS
22 36265988 rs60910145 T G 224 7 5 12 3 0 239 0.0376569037656904 18 478 GTs.SSNS
